spawnLocation: 13.33923508406719, 37.0, -172.58412208470074, 180.04037, -0.03942062
holoLeaderboardsLocation: 8.645728600006377, 40.152490713107156, -179.38389343546, -0.28576943, 76.74631
winstreakHoloLocation: 18.496409747816497, 40.152490713107156, -179.3882905734819, -0.28576943, 76.74631
oitc:
- 1000.7190886150107, 64.0, 1000.4961842739034, 225.22371, -2.4279356, event
- 1034.0203086744893, 64.0, 996.977304243872, 179.49947, -0.8093748, event
- 1003.3276942712345, 64.0, 966.9590271688179, -89.50589, -2.7516425, event
- 1023.9267316934164, 61.0, 964.1933724257985, 2.5583496, -3.6418602, event
- 1011.487282260859, 61.0, 988.3690165806346, -0.77749634, -6.790101, event
oitcLocation: 1020.527308463975, 66.0, 980.4574845363934, 359.6452, -0.24287304, event
sumoFirst: 500.5, 69.0, 506.5, 179.77295, -0.0809222, event
sumoSecond: 500.5, 69.0, 494.5, 359.7885, -0.6473944, event
sumoLocation: 520.5, 71.0, 532.5, 150.02293, -2.4278038, event
tntTagGameLocation: -98.40814172019525, 90.0, -220.4979232877407, -359.81866, 0.9085735, event
tntTagLocation: -98.40814172019525, 90.0, -220.4979232877407, -359.81866, 0.9085735, event
bracketsLocation: -51.5, 157.0, 170.5, -90.76566, 0.68767154, event
bracketsFirst: -15.485988604922127, 147.0, 143.5423659582315, event
bracketsSecond: -15.436077120506642, 147.0, 193.5858885690784, -180.0, 0.0, event
spleefLocation: 2056.622300061862, 80.0, 2059.5243213264935, 89.88867, -0.26636794, event
spleefMin: 2080.597799335947, 72.86515306520269, 2034.440199351103, 61.01825, -51.76431, event
spleefMax: 2034.300000011921, 106.20000004768372, 2085.699999988079, 226.42413, 61.29917, event
gulagLocation: 3024.505137941286, 14.0, 3040.6066214368093, 179.0274, 3.055013, event
gulagFirst: 3008.5291945565236, 9.0, 3025.541983175804, 269.91064, 0.35616985, event
gulagSecond: 3041.4116598190903, 9.0, 3025.502352845133, 89.83771, 0.86220264, event
gulagFirework: 3025.4788528665304, 13.362861808804544, 3025.6373088922965, 268.82538, 84.420746, event
dropperLocation: 4012.5498839878323, 162.0, 4020.521427389127, -90.144135, 3.1202617, event
parkourLocation: 5024.540815773243, 95.0, 5072.291769302143, 179.68915, 1.0306305, event
parkourGameLocation: 5023.474097851616, 92.0, 5056.513781579457, 269.46185, -0.24098013, event
spawnMin: 292.84427104144214, 204.33656020514834, -509.6522444172565, 359.91418, 62.95407
spawnMax: -238.1341918067554, -5.641809503037169, 57.84584331501524, 181.48389, 8.303269
ffaLocation: 13.576281048229546, 37.0, -172.97874163753065, 179.77032, -1.1940838
