lastAccountName: zBl4cklist
timestamps:
  login: 1719698306752
  logout: 1719413627421
ipAddress: 0:0:0:0:0:0:0:1%0
logoutlocation:
  world: TheTowers
  x: 0.5
  y: 251.5
  z: 1152.5
  yaw: -179.76082
  pitch: -2.850029
lastlocation:
  world: TheTowers
  x: 26.245278475128412
  y: 210.0
  z: 1155.3139344342053
  yaw: 229.05402
  pitch: 67.489525
money: '623.0'
